81
Pd3Ni3C53H22
C       -0.079837696      0.335756513     -0.065263344
C       -0.112157117      0.137561674      1.362675695
C        1.108168460     -0.177666623      2.049913492
C        2.353261625     -0.223804195      1.307162117
C        2.360416501      0.114123867     -0.099671993
C        1.101972779      0.336811395     -0.762864954
C        3.603237156     -0.510239377      1.907669507
C        2.228318433     -0.714646013      4.228302351
C        1.077149926     -0.313918131      3.479726489
C        5.014244274     -0.831813998      4.231693606
C        4.897141056     -0.520956095      5.641110446
C        3.635879522     -0.475763295      6.349351665
C        2.348699676     -0.485352351      5.641348503
C        6.142951049     -0.301082283      6.346272088
C        6.132172825     -0.176127265      7.766589978
C        4.889464142     -0.174471887      8.476261657
C        3.644726787     -0.259010336      7.769336218
C        7.379017191     -0.030652155      8.472727244
C        7.344691795      0.051979771      9.909266882
C        6.154656403      0.044825532     10.594701106
C        4.890843686     -0.038553050      9.909019265
C        3.665326016      0.037556360     10.595729328
C        2.430203769      0.037403591      9.915413699
C        2.412440577     -0.102231004      8.484662312
C        1.163517147     -0.039032059      7.783726240
C        1.129483529     -0.168651535      6.363908168
C       -0.094567861      0.009188108      5.644789020
C       -0.117791168     -0.018841173      4.210266669
C       -1.339153952      0.247210604      3.499298812
C       -1.311787898      0.295721931      2.093524478
C       -2.540554013      0.470784732      4.261630920
C       -2.527336237      0.469626629      5.635461197
C       -1.309311619      0.261845925      6.375840267
C       -1.269577297      0.315575904      7.782187451
C       -0.063916296      0.180932699      8.501852675
C       -0.012191060      0.275603997      9.935694428
C        1.181822816      0.201874542     10.611784176
C        8.578387099      0.051907730      7.740433130
C        8.595063783      0.021839341      6.329495996
C        7.363882887     -0.163438498      5.612822576
C        7.364614623     -0.152995902      4.174947366
C        6.154503498     -0.393941982      3.451842187
C        6.101523261     -0.198228250      2.031248168
C        4.845332109     -0.210850535      1.298607497
C        4.830940050      0.137507585     -0.103521901
C        3.593064682      0.243851980     -0.771259089
C        9.809675583      0.201893773      5.576235722
C        9.802719724      0.251944369      4.203126911
C        8.582690947      0.101305810      3.453376500
C        8.535765411      0.204417946      2.050634241
C        7.322414502      0.109081473      1.334241027
C        7.274066379      0.350043318     -0.086162500
C        6.084533731      0.373343203     -0.770893423
H        6.067538343      0.593672243     -1.849645326
H        8.221295399      0.551668093     -0.609674494
H        9.465432712      0.409536604      1.496949944
H       10.739106525      0.417148373      3.648005688
H       10.752576878      0.325212758      6.131054043
H       -3.478781007      0.653338016      3.714978983
H        8.299282632      0.137657786     10.451006828
H        6.145128839      0.124991426     11.692707036
H       -1.031142464      0.532351235     -0.583537614
H        6.145128839      0.124991426     11.692707036
H       -1.031142464      0.532351235     -0.583537614
H       -2.243464842      0.509573961      1.546424082
H        3.671398064      0.139323402     11.692457215
H        1.206019123      0.288521185     11.709012365
H       -0.955286954      0.421789647     10.484568278
H       -2.204391169      0.493706970      8.336828200
H       -3.455357995      0.648449147      6.200185453
H        1.110498455      0.536895358     -1.845667355
H        3.589063798      0.493558630     -1.843913684
H        9.528656818      0.177033471      8.282957395
Pd       5.535749401     -3.060687561      2.784400778
Ni       3.707862914     -4.204317119      3.836194139
Ni       4.848202534     -2.546100173      5.158374891
Ni       3.588921462     -1.607335100      3.361486397
Pd       3.798366492     -4.641645208      6.161707921
Pd       2.269696845     -2.670989455      5.299461573
H        4.101840835     -5.642456017      3.778531596
H        4.101840835     -5.642456017      4.546739788
